100 100 500
1111111111111111111111111111111111111111111111111111111111111111111111111111111111111111111111111111
1000000000000000111100000000000000000000000000111111111111000000000000000000000000000000000000000001
1000000000000000111000000000000000000000000000000011111000000000000000000000001110000000000000000001
1000000000000000110000000000000000000000000000000000000000000000000000000000011111000000000000000001
1000000000000000000000000000000000000000000000000000000000000000000000000001111111110000000000000001
1111111111111111111111111111111111111111000000000011111000000000011111111111111111111111111111111111
1111111111111111111111111111111111111111000000000011111000000000011111111111111111111111111111111111
1111111111111111111111111111111111111111000000000011111000000000011111111111111111111111111111111111
1111111111111111111111000000000000000000000000000011111000000000011111111111111111111111111111111111
1111111111111000000000000000000000000000000000000011111000000000011111111111111111111111111111111111
1111111111111111111000000000000000000000000000000011111000000000011111111111111111111111111111111111
1111111111111111111111111111111111111111000000000011111000000000011111111111111111111111111111111111
1000000000000000000000000000000000000000000000000000000000000000000000000000000000000000000000000001
1000000000000000000000000000000000000000000000000000000000000000000000000000000000000000000000000001
1111111111111111111111111111111111111111000000000011111000000000011111111111111111111111111111111111
1111111111111111111111111111111111111111000000000011111000000000011111111111111111111111111111111111
1111111111111111110000000000000000000000000000000011111000000000011111111111111111111111111111111111
1111111111111111111111111111111111111111000000000011111000000000011111111111111111111111111111111111
1111111111111111111111111111111111111111000000000011111000000000011111111111111111111111111111111111
1000000000000000000000000000000000000000000000000000000000000000000000000000000000000000000000000001
1111111111111111111111111111111111111111000000000011111000000000011111111111111111111111111111111111
1111111111111111111111111111111111111111000000000011111000000000011111111111111111111111111111111111
1111111111111111111111111111111111111111000000000011111000000000011111111111111111111111111111111111
1000000000000000000000000000000000000000000000000000000000000000000000000000000000000000000000000001
1111111111111111111111111111111111111111000000000011111000000000011111111111111111111111111111111111
1111111111111111111111111111111111111111000000000011111000000000011111111111111111111111111111111111
1111111111111111111111111111111111111111000000000011111000000000011111111111111111111111111111111111
1000000000000000000000000000000000000000000000000000000000000000000000000000000000000000000000000001
1000000000000000000000000000000000000000000000000000000000000000000000000000000000000000000000000001
1111111111111111111111111111111111111111000000000011111000000000011111111111111111111111111111111111
1111111111111111111111111111111111111111000000000011111000000000011111111111111111111111111111111111
1111111111111111111111111111111111111111000000000011111000000000011111111111111111111111111111111111
1111111111111111111111111111111111111111000000000011111000000000000000000000000000000011111111111111
1111111111111111111111111111111111111111000000000011111000000000000000000000000000000000000111111111
1111111111111111111111111111100011111111000000000011111000000000011111111111111111111111111111111111
1111111111111111111111111111100000111111000000000011111000000000011111111111111111111111111111111111
1111111111111111111111111111111000111111000000000011111000000000011111111111111111111111111111111111
1111111111111111111111111111111100001111000000000011111000000000011111111111100000000011111111111111
1111111111111111111111111111111110000111000000000011111000000000011111111111110000000011111111111111
1000000000000000000000000000000000000000000000000000000000000000000000000000000000000000000000000001
1000000000000000000000000000000000000000000000000000000000000000000000000000000000000000000000000001
1000000000000000000000000000000000000000000000000000000000000000000000000000000000000000000000000001
1000000000000000000000000000000000000000000000000000000000000000000000000000000000000000000000000001
1111111111111000000000011111111111111111000000000011111000000000011111111111111111111111111111111111
1111111111111110000011111111111111111111000000000011111000000000011111111111111111111111111111111111
1111111111111111001111111111111111111111000000000011111000000000011111111111111111111111111111111111
1111111111111111101111111111111111111111000000000011111000000000011111111111111111111111111111111111
1111111111111111101111111111111111111111000000000011111000000000011111111111111111111111111111111111
1111111111111111111111111111111111111111000000000011111000000000011111111111110000011111111111111111
1111111111111111111111111111111111111111000000000011111000000000011111111111100000001111111111111111
1111111111111111111111111111111111111111000000000011111000000000011111111111110000111111111111111111
1000000000000000000000000000000000000000000000000000000000000000000000000000000000000000000000000001
1000000000000000000000000000000000000000000000000000000000000000000000000000000000000000000000000001
1000000000000000000000000000000000000000000000000000000000000000000000000000000000000000000000000001
1000000000000000000000000000000000000000000000000000000000000000000000000000000000000000000000000001
1111111111111111111110000000000001111111000000000011111000000000011111111111111111111111111111111111
1111111111111111111111111111111111111111000000000011111000000000011111111111111111111111111111111111
1111111111111111111111111111111111111111000000000011111000000000011111111111111111111111111111111111
1111111111111111111111111111111111111111000000000011111000000000011111111111111111111111111111111111
1111111111111111111111111110000000000000000000000011111000000000011111111111111111111111111111111111
1111111111111111111111111111111100000000000000000011111000000000011111111111111111111111111111111111
1111111111111111111111111111111111100000000000000011111000000000011111111111111111111111111111111111
1111111111111111111111111111111111111111000000000011111000000000011111111111111111111111111111111111
1111111111111111111111111111111111111111000000000011111000000000011111111111111111111111111111111111
1111111111111111111111111111111111111111000000000011111000000000011111111111111111111111111111111111
1000000000000000000000000000000000000000000000000000000000000000000000000000000000000000000000000001
1000000000000000000000000000000000000000000000000000000000000000000000000000000000000000000000000001
1000000000000000000000000000000000000000000000000000000000000000000000000000000000000000000000000001
1000000000000000000000000000000000000000000000000000000000000000000000000000000000000000000000000001
1111111111111111100111111111111111111111000000000011111000000000011111111111111111111111111111111111
1111111111111111000011111111111111111111000000000011111000000000011111111111111111111111111111111111
1111111111111110000011111111111111111111000000000011111000000000011111111111111111111111111111111111
1111111111110000000001111111111111111111000000000011111000000000011111111111111111111111111111111111
1111111111111111111111111111111111111111000000000011111000000000011111111111111111111111111111111111
1111111111111111111111111111111111111111000000000011111000000000011111111111111000000001111111111111
1000000000000000000000000000000000000000000000000000000000000000000000000000000000000000000000000001
1000000000000000000000000000000000000000000000000000000000000000000000000000000000000000000000000001
1000000000000000000000000000000000000000000000000000000000000000000000000000000000000000000000000001
1000000000000000000000000000000000000000000000000000000000000000000000000000000000000000000000000001
1111111111111111000000000011111111111111000000000011111000000000011111111111111111111111111111111111
1111111111111111111111111111111111111111000000000011111000000000011111111111111111111111111111111111
1111111111111111111111111111111111111111000000000011111000000000011111111111111111111111111111111111
1111111111111111111111111111111111111111000000000011111000000000011111111111111111111111111111111111
1111111111111111111111111111111111111111000000000011111000000000011111111111111111111111111111111111
1111111111111111111111111111111111111111000000000011111000000000011111111111111111111111111111111111
1000000000000000000000000000000000000000000000000000000000000000000000000000000000000000000000000001
1000000000000000000000000000000000000000000000000000000000000000000000000000000000000000000000000001
1000000000000000000000000000000000000000000000000000000000000000000000000000000000000000000000000001
1000000000000000000000000000000000000000000000000000000000000000000000000000000000000000000000000001
1111111111111111111111111111111111111111000000000011111000000000011111111111111111111111111111111111
1111111111111111111111111111111111111111000000000011111000000000011111111111111111111111111111111111
1111111111111111111100000000000000000000000000000011111000000000011111111111111111111111111111111111
1111111111111111111111111111111111111111000000000011111000000000011111111111111111111111111111111111
1111111111111111111111111111111111111111000000000011111000000000011111111111111111111111111111111111
1111111111111111111111111111111111111111000000000011111000000000011111111111111111111111111111111111
1111111111111111111111111111111111111111000000000011111000000000011111111111111111111111111111111111
1000000000000000000000000000000000000000000000000000000000000000000000000000000000000000000000000001
1000000000001100000000000000000000000000000000000000000000000111110000000000000000000000000000000001
1000000000001111000000000000000000000000000000000000000000001111111111110000000000000000000000000001
111111111111111111R111111111111111111111111111111111111111111111111111111111111111111111111111111111